# Created by Octave 6.4.0, Sat Feb 12 16:25:49 2022 GMT <unknown@LWIN-HGQ7N53>
# name: v
# type: matrix
# rows: 10
# columns: 1
 399900
 329900
 369000
 232000
 539900
 299900
 314900
 198999
 212000
 242500


